.Random.seed <-
c(403L, 296L, 1922413379L, 241905701L, 425957586L, 1966944296L, 
211069459L, 111541361L, -1636935578L, 342151119L, -731029863L, 
1366398060L, -715358077L, -801900443L, 1344914930L, -259308312L, 
329112181L, -1623943907L, 390252803L, 1760034179L, 68224925L, 
1323033294L, 876820975L, -1470136354L, -877901129L, 1893269515L, 
1974026465L, 1895285427L, 739848786L, 1575631436L, -1782942730L, 
287958123L, -1696610765L, 953279151L, 138550315L, 8653205L, 339677471L, 
-131541436L, 51818530L, -1529188977L, 101495698L, 1198445892L, 
-1789894186L, 322096092L, -830775202L, 11130139L, -1202008379L, 
620486221L, 435401661L, -225789352L, 795169145L, -1074625181L, 
-558176286L, 857618646L, 384485388L, -1301067991L, -1263052804L, 
1107759806L, 914443713L, 1936383948L, -37954934L, -1100496239L, 
1926868138L, -2048221157L, 914817682L, -577154019L, -352844135L, 
257005140L, -982438496L, -1190556695L, 713378140L, -1008930867L, 
1986344L, -647637280L, -1160296293L, -739650910L, 207180281L, 
-535848458L, -1110727139L, 2102614409L, -1871719012L, 1760905098L, 
-918351856L, 1514761704L, 1823663994L, 1452300230L, 1255382513L, 
-437685727L, -214217303L, -1209647073L, 566913727L, -1124582828L, 
-621455143L, 1829452199L, 150171449L, -578815075L, -1245374048L, 
1778033606L, -2046002195L, 313851306L, 704175743L, 2030709467L, 
-1316170417L, 1623091387L, -1487551265L, -33127940L, -766238982L, 
-1479531351L, -2144847460L, -1360119778L, 53769936L, -73425692L, 
20210799L, 877813754L, 383370267L, 134840307L, -1628559210L, 
1301710346L, -709262004L, 821030933L, -1918267452L, 209468851L, 
1928588684L, 1442006861L, 1849024973L, 116261760L, 1283033943L, 
1249144017L, 1252531957L, -192650881L, 1900408215L, -959259477L, 
323516886L, 1530263971L, 1240834338L, -360568879L, 308796079L, 
1749926464L, 1720115082L, 501481149L, 1480783227L, 1666649966L, 
2015659935L, -1165071148L, -840804580L, 1804792056L, 144710303L, 
-862849614L, 1218865851L, -1859595492L, -1254135810L, 996492376L, 
-752708079L, 1461773507L, 1019971371L, -606660423L, 1448614662L, 
2032397926L, 573988972L, 1235801201L, -736419687L, 1972524401L, 
903806707L, -983020120L, -15255806L, 1457576355L, 1273089330L, 
750059138L, -749932761L, 1307014750L, 741769875L, 1273672888L, 
-943992788L, 2092616340L, 407793099L, 1271063501L, 1865818742L, 
1215506581L, 127945041L, -1961783482L, -1088846360L, -390097213L, 
-1154030544L, 839317210L, 995320551L, 730681585L, -1422771072L, 
58356878L, -134298689L, -1907713983L, -1784267820L, 1822794363L, 
-853155153L, -1996210584L, -1395635092L, -844477306L, 806838851L, 
-136443006L, 1289966001L, -1429630230L, 343025751L, 115368631L, 
1452258176L, 426232630L, -1158681178L, 1059955076L, 1439145933L, 
519837281L, 1206974261L, -1480601888L, 1808052927L, -1034395986L, 
-609041296L, 758860392L, 1173538515L, -295199781L, -216088288L, 
1669629975L, -941933787L, 708243336L, 1895894159L, -529134940L, 
94296257L, 1037833601L, 513350473L, 917833065L, 289378757L, 1589238353L, 
-55963121L, 2082865563L, -2129845509L, -1661813216L, 697431206L, 
2006656352L, -540749258L, -986671254L, -280772201L, 905722580L, 
1412497540L, -2067376015L, -619600339L, 674844641L, -2145188605L, 
7691561L, -651632945L, 1403810642L, 2125392809L, -1634406953L, 
-2118731779L, -568099913L, 1721850253L, 1664507755L, 1196721506L, 
-496394289L, -420693844L, -1159411890L, -2021323035L, -507498806L, 
-1732002426L, -1942509453L, 650121385L, -1228508598L, -929807944L, 
1787488838L, -1655525841L, -787645615L, 123489662L, -1039437556L, 
1251459691L, -1434271765L, 452373449L, 1971349741L, -2047201519L, 
-2072246214L, -2127494597L, -622098693L, 1980992505L, -1118986499L, 
1032808330L, -1981094318L, -1705975741L, -1994855295L, -87073302L, 
-1886583656L, -1046285230L, -1703227004L, -884120004L, 992588551L, 
-1810198913L, 487686226L, -113880889L, -1623543816L, 1908677950L, 
-1877959680L, -1182617283L, 956038296L, -865196570L, 1551382716L, 
-1717367167L, 1488416522L, -686157977L, -494628029L, -2020290126L, 
-1208052894L, 1779463404L, 1081819605L, 1613515096L, 286609575L, 
1918690904L, -1447619032L, 786964136L, -1423309191L, 1275694483L, 
-2077228456L, -309625164L, -2042520788L, -216466143L, 1861579956L, 
-2014637876L, 1136021659L, -1160139416L, -804106848L, 825180311L, 
-1717593873L, -1668208256L, -821919551L, 207942999L, 1446547293L, 
635412470L, -1289403630L, 673202751L, 1742549330L, 1377740869L, 
-772616012L, -1575259333L, -1380016037L, -467633443L, -430947981L, 
414089706L, 1707838043L, 1134293326L, -772561035L, 55744097L, 
-1200918575L, 545453040L, 2113110912L, -454484367L, 491689732L, 
266705620L, 2128989777L, 452145897L, 1782683048L, -1436540475L, 
-1985373957L, 2126710555L, -1972494668L, -586541787L, 516625944L, 
801144159L, -381515478L, 50897274L, -1336833052L, 56322043L, 
1407504974L, -784228443L, -1028574096L, 1883915716L, -1570948973L, 
-1548782990L, -1420852875L, -1250903283L, -1160317536L, -363566723L, 
498748091L, -863346049L, -602650825L, 1939303521L, -1909791048L, 
-819394396L, -538812276L, 459203234L, 1413685771L, -419219952L, 
-16875674L, 1420203519L, 1526014250L, -2011377274L, -269784154L, 
-710301309L, 813483798L, 556316476L, -864042932L, -920849486L, 
-217553684L, 1453320728L, 2004882L, -1804081827L, -329098796L, 
-1345502043L, 740589465L, 397937735L, -1838662733L, 529516082L, 
1882015754L, -852162238L, -2126043980L, 621021625L, 296838618L, 
102460805L, 1206600913L, 1707201786L, -98808962L, 1485557187L, 
-1831929295L, 997802576L, 1911537940L, -1623669361L, -807232114L, 
-1282370086L, 1413053017L, -1201050589L, -862290878L, 1440551233L, 
-322509952L, -774922777L, 75002679L, 1014375154L, 612937241L, 
-481966809L, 1059819796L, -1375508092L, 1442833249L, -715446134L, 
398682484L, -1183927877L, 1259244467L, -1484654872L, 1545732525L, 
1172698103L, 1648249085L, -495491266L, 1657804052L, -738698599L, 
-480147143L, -1574291742L, -1800304465L, 1647003079L, 1433966633L, 
970498257L, 903834989L, 261077343L, -1229434733L, 1131685291L, 
-726156133L, -808267398L, 849454178L, -2099722906L, 945817804L, 
1475915659L, -473281922L, -1750939456L, 208299910L, 951769012L, 
-1535878306L, -1484304308L, -126767467L, -467404998L, 682319702L, 
-1222874541L, 1364385314L, -1009052010L, -672003995L, 1129901463L, 
-521444189L, 1959119108L, 414421293L, 1939313186L, 108557140L, 
-588281863L, 790685779L, -2139487422L, 1541189978L, 577729003L, 
2146983949L, -1776386125L, -875786373L, -632621552L, -414271038L, 
886092845L, -338848940L, -467638230L, 1067649251L, -601541495L, 
1800806466L, 94955776L, -435270440L, 1838402631L, -1790278043L, 
614979095L, -503126528L, 1638039956L, 1411550955L, -1037443286L, 
743616927L, -1960803967L, 1315415023L, 1991615308L, -457636016L, 
1159176613L, 492266571L, -291743167L, -1153687184L, -1392019247L, 
1007819296L, 2045235375L, 144038108L, 619100515L, -948584233L, 
-1146500625L, 480292301L, -1977769974L, 1690668076L, 746322506L, 
-1489050951L, 842927066L, -2123627989L, 464418881L, -891184339L, 
1835213267L, -464365540L, -1322438584L, -967121548L, 2089364444L, 
-1502369355L, 621877743L, 1048091137L, -1241457704L, 992417140L, 
1122114825L, -604046750L, -1093047517L, -2006333674L, 1902373345L, 
-1664117485L, -950788701L, 1551518980L, -306361484L, 549566971L, 
-198631409L, -1740242726L, -1681403032L, 1426401237L, 468514266L, 
2116968416L, 398089055L, -78279018L, -1058285225L, -1907101743L, 
-2049427761L, 751448286L, -1108694781L, -1391681465L, -808460864L, 
133553572L, -71950546L, 1591265956L, -1775878472L, -2061053830L, 
966968990L, -1906479215L, -1212838713L, 934745038L, 1395025532L, 
-2100243731L, -2035706739L, 890229051L, -1386754389L, 1128921381L, 
1189645586L, -1230996925L, -80796578L, -313821238L, -1651179134L, 
289045322L, -247886909L, -2082656305L, 1008671410L, 1594709842L, 
1245155724L, 1295112471L, 2034079584L, 207896143L, 818415826L, 
-384503823L, -1562055566L, -1195413704L, 1120938702L, 1215282557L, 
